$ANSIBLE_VAULT;1.1;AES256
62373664366263366530326462663930653232633264343039336139353939396632333737643065
3131356435623635363339666437373738376434356363630a646666343464326538386535323664
66373765393665623064643338623765383837636163383830396531386565393666383864643333
6161666661333239390a613466383262343364656465393334346665306466623132326263653431
64623330303434343564326165306164356133386561633761386531646231646631353532356534
30313230383030383738336631393036663566323134626562636166653537353561653337333130
33353732363062303739323062313933383961346231626336356139386563636263336231663933
63323763306531356161393331333065623738653537643932396532313662326231366666633863
64313362323639623838383034363962333864353966613438653861316232303234353762383162
38313835356566653166336434386232363065656436333164373339343464323835636330333134
62633666666232326164396230396235343462366533376536323466666131663537303630663339
66343032666137653137363833353534616461666263353566633862303664346664346163393262
37373264376661663662323832323038303162326336316633633430353836363839336663656362
32356465373534353866366333363336663437663036383533393432346664326163656537643661
30326533353236643434353265663264623031663330613062343234316663373466373237373239
38313332626234666331356235663363653265313637366631656637326433356336353938386438
39656333383130353533666237613738633662643932366565363431383566383032643830313135
63653166613238356337633863303532666234626433663235666636373339616134643631383965
64313838646438643462366335373134326336303336366166623932396166393230346636616339
64366234376661393733613836306231353631356665396231666537623561396539323932336536
64396639633730346465623438646637613439393635386132373734383131326433633539353032
61383732636430323266353365366363633538393165653836306365376162666562636166663530
33396130653661346565383830613536346231616436323263336162333866313338326536383164
32656430383434653831653238646336396234373563396234373865343235373063366362393732
63363865326637393338396539343263333332326135663033373230396632386265376166363939
64393838306236343236616664326131366339363162633131386535313035623164363932316137
66303065633165643033633231326162616432353339633632376132633339373665336630346631
33313964663533393933366436303032326339613936366664626539663632346533633963343465
38303132303463643861353639633937383934363061666164333932656438636533666465336261
33386561643835363631393533653137306537363763336362313733323061393234626535616464
39633965396138326432613731373163643838383531646662656663346230346162646333643463
37613466383339383964343035643261636163613430306531363764383166396135313763373635
61353935633933636134373061613537306438663834356533636634326365383832666233623636
66663733326465653733303932366537303965616263383230303431346134333632666164333761
30633832613933626432613038383565313133326239396534646633666138373262396235306564
65616563323132346636376532353264343237353364376130333261653266333433663062333163
65346265653062666139366130343532363530363464656238656433643734653137663639333161
34353939636663326662346538316165393834326532666535646436633536626236616366306263
62366466616462343736666264656130323930663165376230323335346434383064636461643435
38666132616231326330623366383563646464363839346131653034333931623231373033656131
34323564643763383263346366333039366433653862666436366234333637333939303738633737
30616334343934663761636334653962396633326436316461383937393332633434396265393338
65366165373536313337316565306334633637333362343536393862346166396639363365313264
31386636356537653432363331353663376363333733306234333731393863366539393164333131
64636331353666383630373338636365653330326138396637626161383762613539326566613238
31353534356633326631393635376635643530623830666530333863363365623937653035303966
38306234383563306331656334663433653534623133393065393763323930656339336231633064
31333362663434303563
