$ANSIBLE_VAULT;1.1;AES256
37646665623361663465393534343863323564613539656563353565633464383662626366346334
3532626637386161333637653237393931633831366530380a623434363266613238383935316430
33333636626164313033363631613630323238383531323138366533393566373936353963633735
6633323963643439630a343635346664633266393638333736363435616234613864323161353632
31613630666464336337346130306335356537316664636332646266313933613235326537623330
37343563313734396436373638663634623065656461663064613438356435323562366465613764
33363535363034376439363435346463303832643266313562363236303832363635363565626161
36333132336138333837636439643566343436656534633133386166383938306164613031363537
34383539323733333065386530326464313661393564343638373538653534333535653935383031
30373539323136336538333835343566343438333562376232656333613737333738356364333237
38386438316239663236636661613535303661383264643361316234373130623432313038326337
34306265626439613236623536393938323165643137666131646632613936313032303633656363
31393764313962613361393261343134663263663262613238363164616462616535653963633431
32363161366366643665316162353835633764313564306433386434623134333532346139343065
32366533656334343161323964333264346566643330343566646665303065323732353539376139
33376335323861663133646538613666343433383038343739366533643564663239363261356162
62363538326536653432313839636437303838306462653338396264613434393838343934393430
66663038323532643731323465333936626164656332366664383031336165303066323562393834
36323330383063363835393836613561363439646562343163376530303861363830383335373436
36656231623035386635303535343061663131363838393139386163636339613736353039353364
36636638666135336264303761653361333339376263653263383636653763353431383733333264
62643865313430633431303234386135363864306166363563313439626236646538316266633535
33386137643335343738613639353035626263653465643237373439326266383435343563663430
37303066356265313532633935313862363030306635343462633262373330643361323630616635
34353563366261346135313438386466383632336265356265653837316234343365626265653230
62643537383162303061643563343961336137333631383265383035613335636533616337646162
30393738353164643663393433646463366562373332333531393537376263313938326335313139
36646363396535663331393732373035353665623162336463643865303537326637613531316538
64383036316663643831323361303338343363393862373331643636313662356536306237363562
64633931346532616463666563343138386531363333336231343137653938323337316333373666
66363234393631326462383734356636613266353730646634633238636235653666623130366339
30363739616362646165383132386365663036373364653361326136386330663032303262366333
30303333656661323630376139353366343262613239336665643063636365383835343032656562
39643730643036303862343363366333653061613630316637656336336132616336373733663735
64623035343134316364666366626661393135333735633033326166626533323363356535376435
63613864623265666537643261383263646166356265306239333665313538303666353636323462
31613531323965343534353764663663323731306665356263376231373837303363653666616664
39656639613136623030613664386533326463386561316536383535336461616439613132616263
62633363306330396366666535393430333031376363353534343261636231633930343464366437
30663235306663643362626437653661373261663236376334396662343566316234663035336535
38653938626563336363666161613237316335326362376133326335623638323331303334653338
31653762613937333461656466323637353736656438633032626135353635326665306130373761
38613639323235356162373330626536393862313232353632336266396530633932323132626534
33393861303537383139393632386334363663333235633464333263333665313336313539363933
66396234323732383737316638663132656534313035646130383335656338363462646534373666
64663138306461643032383232326632366461373632316135396634316438346366343131363635
363964343734623638333264656161636333
